[3211.64622907 3077.30567909 3229.69254198 3126.27616481 2849.02420705
 2516.56426663 2403.30640483 3368.61365835 3113.03363071 3328.00439794
 3208.93821961 3373.82534541 2957.4073392  2879.3352444  2438.52540089
 3150.97161577 3257.61826741 3173.81934812 2717.25432948 3286.34238882
 2892.67503732 3073.86233603 3224.093171   3257.52890323 2962.28463836
 3132.88637416 3485.8058193  2367.86799034 3167.39302726 3261.69042105
 3631.33469187 2901.90960757 3105.83685593 3849.83627414 3423.25529007
 3126.19799997 3353.92548832 2799.27149771 3126.22869628 2888.36204565
 2633.30270479 3441.64871976 3070.58743901 3355.09548083 3508.35394836
 3052.88095664 2547.73783137 2797.82144462 2858.27980048 2371.68961216
 3117.79285693 3396.537706   3071.12366301 2481.34693078 2926.73716745
 3125.58732289 2609.58025819 3256.35811274 3419.53701104 3125.11774525
 3122.10084529 3650.88052824 2935.86216573 3087.93780199 3716.4306982
 3341.32475955 3215.40185404 3149.63775022 2940.86610836 3280.38344934
 2545.67083828 2900.3552087  3345.34877399 3034.05278654 2869.67202849
 2740.62024619 3179.65689549 2873.18933572 3509.86391912 3045.52465242
 3495.7475393  3038.67891626 2904.67282004 2729.53887305 3093.33794911
 3633.71774914 3106.06428929 2799.50980005 3677.28949286 2808.52871332
 3190.06423504 2372.35707401 2797.67227364 2898.9832363  2846.0523034
 3320.19990995 3050.5131938  3038.33290931 2999.09086514 3020.17747022
 3067.59210203 3290.22201585 2773.19747522 3376.25604664 3287.8126725
 2895.79296104 3008.37913452 3598.82650741 2966.07643188 3194.6966572
 2935.63098027 2955.62353716 2846.34502832 2905.15525139 2334.79299715]