[65.01962408 65.01891436 63.88760561 65.36895422 65.28013764 65.60628828
 65.60342716 65.43735365 66.16112858 66.6841006  66.16714075 66.10417927
 66.62301513 65.97125648 65.18950725 66.33957563 66.59353928 66.19012057
 65.9580327  65.54790886 65.61704625 66.1382438  65.99070772 65.39234555
 65.68996945 65.72577874 65.73165752 65.79112987 65.18296684 65.45733167
 65.18827479 64.98413655 65.19543455 65.91726579 65.52826439 64.99935375
 66.03979604 65.2352121  65.80465222 66.16789138 65.48305754 66.42224416
 65.2498419  65.80644715 65.39668881 65.69147699 65.6315248  65.23536752
 65.86515373 66.46128083 66.67596639 65.35255224 66.35563552 65.61498593
 65.98546727 66.15036957 66.13557655 65.88565726 65.73668421 65.85541625
 65.96301904 66.03511856 65.9798815  66.49996263 65.78363871 65.64452286
 65.67552883 67.16693104 66.37649748 66.19171268 66.78843921 66.01493657
 65.94332669 65.94687469 66.46815111 67.27780357 67.16910618 66.83045446
 67.25297412 67.20499308 67.04784492 66.49916016 66.9639258  66.65717698
 69.60678661 68.12348774 64.1385897  64.54337323 64.10844783 63.67603015
 64.64941309 64.78796457 63.93986763 64.96691565 65.46381409 64.66703753
 65.54395589 64.44773633 64.5215242  63.60867801 64.08567579 63.21100508
 64.37274051 64.91711032 63.96419359 64.20229087 65.73577551 64.53992322
 63.78866869 64.2796187  64.13473491 64.57802605 64.65581196 64.58699803
 65.14257808 64.80530099 64.52739374 64.15981484 64.40878676 64.53025513
 64.34547116 63.73193448 64.39980154 61.42374298 61.26147087 62.13955594
 61.74828919 61.87526193 61.64312611 61.42199582 61.41724076 61.18647175
 61.88963721 61.52488171 60.37689152 60.83850335 61.12200499 61.94341907
 61.98109336 63.1764204  63.26720674 63.31046968 64.52479821 64.55059769
 64.93593722 65.30116727 65.05681096 64.89326045 65.5471127  64.84989231
 64.94352914 64.62364813 64.8543649  64.57400596 64.87888339 64.9314428
 65.00338273 65.27023977 64.57702097 64.56166338 64.79792308 65.25244045
 65.26374509 65.16756147 65.12059421 65.33295359 65.26233163 65.23068007
 65.34232921 65.17551196 65.37348995 64.97908732 65.13805819 65.03757203
 65.51431454 65.11795207 64.41474786 64.66320774 64.47996392 64.06753094
 64.34936009 64.26367722 64.11426998 64.43573397 64.63035871 63.88513075
 64.76530463 65.61810953 64.94169241 64.43270694 64.88590593 64.90762944
 64.24795672 64.67043012 64.85475549 65.10274162 64.32601127 64.34026049
 64.27060103 64.30358693 64.61560202 64.81797698 64.85696833 65.09698344
 64.91736101 64.4764086  64.33927528 65.09241916 64.46088912 64.41703587
 64.54096218 64.24893685 64.82253023 64.88237696 64.58244995 64.39278806
 64.92584752 64.94206229 65.43146615 64.95121379 64.82065152 64.57187113
 63.92614771 64.55983414 64.80329232 64.53240008 64.83421982 65.15786724
 65.0276502  64.28944218 64.36600811 63.65387682 63.13258102 63.76293491
 63.16068298 61.66264929 62.58502696 63.63744637 63.02984352 62.12842418
 61.92794775 61.48869493 62.18785339 63.32858907 62.33996383 61.85188869
 61.61917901 61.1539022  66.99024828 67.52126155 72.02181305 71.44971205
 72.11689866 73.49835878 72.8803985  73.34846877 73.26153298 72.94573128
 72.4608511  73.01278938 73.39204745 73.03782454 73.33255863 74.27968255
 66.33851484 70.02177722 72.51185877 72.33662881 71.37025724 74.17740719
 74.2920724  74.38518805 74.30973922 74.96341017 74.77771405 74.86923221
 74.67298661 75.02395192 75.24029052 74.92116042 73.86275608 74.69616293
 75.33680059 74.93833233 74.89973666 74.79028634 74.30966762 74.52192362
 74.44995104 74.61863968 74.90866128 73.78072779 74.76547179 73.66142841
 74.41591554 74.36110942 74.53380807 73.8771389  73.0076474  73.1916328
 73.52633685 73.41918837 73.34415608 73.85228418 74.04409663 73.61608096
 74.15815702 74.23913267 74.2856245  74.16460768 73.9625846  73.60543292
 73.78665925 73.81693262 73.98722353 74.18670174 74.39527175 73.88651206
 74.0112258  73.64559617 73.7975557  74.12367253 74.60787485 74.09450449
 73.20896475 73.41996703 73.82144083 74.42386402 74.02258246 74.04904995
 73.75392057 69.00115647 69.18022242 68.94403699 68.30369284 67.37580951
 66.14288099 67.81662271 65.58159313 66.07271975 66.53029634 67.62511657
 68.36630589 68.99440586 69.86499959 69.86616457 69.62439905 69.12936686
 69.98618314 70.04045565 69.45451158 70.02049154 69.47349948 69.46461661
 69.65085085 69.52738297 69.75431558 69.74064049 69.51705034 69.80116269
 70.17857255 70.45014593 70.32691507 70.29122215 70.55678789 70.34369568
 70.395417   70.121007   70.83194058 70.66000861 70.24590652 69.87083639
 69.41421026 69.84095886 70.72316816 69.77875574 69.84616554 70.32131786
 69.66075805 70.04098114 70.26781263 69.90702357 70.28567468 70.18465853
 69.56825069 69.9383521  69.53116131 69.96953325 69.89422451 71.23220284
 70.80060176 70.48724821 70.25043088 71.05871657 69.87397357 70.2442571
 70.01903899 69.97366027 70.04495379 69.86557397 70.01540437 70.19292982
 70.7406521  70.46675736 71.02296722 70.96940032 70.47876797 69.72902899
 70.10968474 69.92368047 70.45983279 70.65011279 72.22726923 70.57885009
 70.2583325  70.40459225 70.54877938 69.59604357 68.85613328 69.4554992
 70.92288953 69.01420098 70.68905609 69.64670994 69.51877505 70.5793209
 70.28869285 70.34098146 70.27093617 68.99620075 69.01013817 69.38423589
 70.19804786 70.2865584  70.75306645 70.40464917 68.64955315 69.43011707
 69.39470561 69.52883884 70.65990978 70.46801786 70.34591849 68.02434687
 69.86308102 70.30079645 69.51053708 70.52682397 69.79615245 69.98627779
 69.76368013 69.03002523 68.73515912 69.2189061  69.10338438 68.32362082
 68.62014856 69.22004657 69.11902908 68.2332939  68.93407908 69.23548799
 69.54868133 69.09438275 68.93164804 69.35135826 69.30825913 69.62008524
 68.93651583 68.55523654 68.76674767 69.48727361 69.4394694  69.6763432
 69.42931433 69.79314645 69.66605134 69.51520256 69.8677016  69.77078945
 69.58866485 68.85215158 69.17346848 68.85199478 68.61289294 69.66833641
 69.24665222 69.77440718 69.37416195 69.820572   69.71527534 69.34550937
 69.44019938 69.26604068 69.54059457 69.44078582 69.64847034 69.718634
 68.88166473 68.40938066 68.58856553 70.01697521 68.69809633 68.814516
 69.01949286 69.08553992 68.81569423 68.82498669 69.14833656 69.12553788
 68.51746184 69.19499457 69.16396935 69.04371822 69.67615253 69.80988438
 69.10120191 69.80019237 69.83371862 70.04481049 70.42070604 70.21679405
 70.18716242 69.08977645 67.75929786 69.85008137 69.86904192 69.99325874
 69.32161407 69.40190315 69.8673433  70.19022708 69.61234459 69.69091787
 69.60724963 68.94175069 70.19812146 70.52783501 69.77114728 69.09683728
 69.8474876  70.16258783 70.03191953 69.98014042 69.57234065 69.98403562
 70.05293178 69.94721555 70.15696959 67.41648514 69.85160476 69.0146325
 70.48225545 70.2964057  70.78324797 70.39281509 70.6679944  70.28997249
 69.68173805 68.99240961 68.96581073 69.75891355 70.7496311  69.93566391
 70.30445465 69.17156997 70.13787098 70.07660956 70.59306823 70.63829697
 70.83741833 69.38699296 70.55119548 70.66467569 69.85286484 70.6879282
 70.43068931 70.24219235 69.71329823 69.94574611 70.26002556 70.54289823
 69.8961591  68.55059641 69.8256031  69.90008911 70.44968475 70.20691621
 70.05061681 70.21946399 70.70628741 70.42218696 69.24567871 69.91769426
 69.21150636 69.12488629 69.86363411 69.67712645 70.19008366 69.93137928
 70.03487641 69.69102462 70.29871009 70.65434549 69.80320875 68.89773957
 69.15592497 69.09853718 68.72965006 68.81695525 69.07465509 70.22789642
 70.05358415 69.78440155 70.1079062  69.83624624 69.57906279 70.24472856
 69.68869143 69.9810602  70.18242877 70.13487385 70.08875729 70.69963557
 70.08184911 70.48464395 69.25991916 69.47264955 69.72803153 69.42973219
 70.04010246 68.83953366 68.73783493 68.39799486 68.97512667 68.97288989
 69.35651587 69.31536461 69.30613977 69.05496092 70.07406829 69.81041038
 70.12449737 82.86595208 83.1318302  83.13418549 83.00433728 82.60121866
 82.24863446 82.62919275 82.16698853 82.6092366  81.80893783 81.38381561
 70.48792551 70.63094527 71.80501728 71.5830156  72.04006875 73.12650031
 71.95866535 72.86639393 73.24605625 73.02238461 73.63373415 73.69977707
 72.74191932 72.8127034  73.79935902 72.22691363 72.58441327 73.0486838
 72.53136149 71.98414001 72.19885921 71.79578499 73.47276487 72.75200714
 72.88850963 72.60138333 72.94816885 72.97118219 72.89337835 72.05698819
 71.4873975  73.48923721 71.77258881 73.69528011 72.27906626 72.6541088
 71.9327238  72.65915999 72.65938645 72.88252726 72.429315   71.68702455
 71.31123374 71.26331357 71.44816504 71.124543   70.47189332 71.89789545
 70.86584722 72.78393491 71.74267223 72.78528209 72.34297672 73.00705534
 73.34545997 73.17602162 71.89529621 71.95446615 72.22277208 72.00029371
 73.43365435 73.24781159 72.95387383 72.85089505 71.94552802 72.54430165
 72.39702833 71.58190026 71.52947694 72.82982676 72.37242945 71.62534051
 72.5369795  73.34764577 72.53327342 72.76226084 72.4318027  72.30256296
 71.67115732 71.00297943 72.39923889 72.47918146 71.06997387 71.52673592
 71.68727646 72.19710912 72.52086985 71.72585997 72.22628157 71.01527514
 72.26234773 71.36641707 71.07201671 71.34396919 70.9985101  71.95853117
 71.11353757 71.37069521 72.75011033 72.66528334 73.7323507  73.65249428
 74.13826995 73.45894209 73.88086014 73.49860813 74.25680375 74.24241637
 74.7631229  73.67048088 74.31742269 74.14964592 73.78970864 73.96158719
 73.22424486 72.97374051 73.07013315 72.71689208 72.37235062 71.3552041
 71.73729838 71.07211467 71.20204737 70.80626683 70.70509913 71.15253073
 70.95992158 71.81225101 72.03872835 73.65871856 72.15649602 72.07354322
 73.30535026 74.23689501 74.39882246 74.34528054 74.54266218 73.57496788
 71.06918356 71.03971859 71.87860163 72.02749814 72.9582219  72.96430442
 72.59633414 72.7661169  73.16678603 72.39088706 73.33971234 73.12415909
 72.71029836 72.51135576 72.27325498 72.03727237 72.02210222 72.14781266
 72.77232331 73.27362111 73.31246178 73.00386486 72.09027625 73.30285182
 73.19546496 72.60236865 71.97235541 70.64126879 71.25365049 71.01698941
 72.65165392 72.20062509 71.95746772 72.19952313 71.7354862  72.4483607
 71.66875892 71.8018262  71.84213221 71.67757889 71.70660628 71.71236235
 71.98826476 71.85837384 72.15376871 71.85169912 71.70827212 71.36983372
 72.24175733 71.57299747 71.73295519 71.84260901 72.35517023 72.16062111
 72.12288348 71.78787153 71.64097884 71.86631722 71.5216525  72.10515842
 71.67881415 71.90075388 72.26669861 72.16710856 72.47947913 71.67155214
 72.37736299 72.32378662 71.74376328 72.13402695 71.74942344 72.37428224
 72.04948037 72.21780796 71.5947947  71.78052248 71.49690968 71.74292057
 71.08891896 70.84754438 70.92049788 70.3981908  70.81391434 71.72623384
 70.86482623 70.66165232 71.22707136 69.98055616 70.52218351 70.42946481
 70.11937314 70.24586096 69.80834289 70.56148712 69.95608077 70.22969406
 69.64002756 70.49440904 69.74879491 70.57500326 69.68073294 68.25073173
 68.79482709 68.55794088 69.8357141  69.56344228 69.12672479 68.5919112
 68.68228699 68.6013432  69.50405588 67.71108776 69.86591724 69.4313239
 69.62165767 69.63410442 69.38794711 69.15467331 69.44027403 69.38951056
 69.2174864  69.50721472 69.2934107  69.19706572 68.8015998  68.73347486
 69.5209354  68.69963362 69.25951967 69.91902545 69.92975177 68.96714694
 68.65030965 69.68844507 69.57394533 69.62200039 70.58945538 69.12290121
 69.71255841 69.96387545 69.2700417  69.68711491 70.03238218 70.850916
 68.31003669 68.93094165 69.9558982  70.27304857 71.34320594 72.06855818
 71.76499538 70.15260024 71.49060529 71.25763916 72.21500146 73.70776519
 72.28847384 72.78150986 72.57944911 71.3005538  72.75108712 73.1558149
 73.85481958 74.70047031 74.79629262 73.42232884 73.84204753 73.9426453
 73.88518194 74.42410079 73.88298235 73.85096084 73.98038411 74.10874934
 73.38538995 73.07908693 72.10396119 72.51656751 72.59883041 73.87183254
 74.32864225 75.12812856 73.26108488 73.38136453 73.07816086 73.3024187
 73.76291168 73.71990563 73.94434006 74.29121084 73.43250958 74.47084269
 73.78996494 71.83400567 71.00208584 73.98898965 73.77805954 72.98890252
 73.72254569 73.79964797 73.00308214 74.33244245 73.15184887 73.2656081
 73.30196616 73.44541653 73.70787819 72.77960922 71.94878254 72.86115773
 72.9652197  72.72077196 73.09758219 72.74266331 72.8254476  73.34861861
 73.43636921 73.09257992 72.83933592 71.87084858 71.73722426 72.63853018
 72.87019452 72.96419003 71.97008098 71.91581482 72.7925191  73.70674489
 74.42684057 72.44203939 71.55291371 72.34738171 71.93716286 72.09186114
 71.82013678 72.40618196 71.70907982 72.11898895 72.53425781 72.30661333
 72.03409347 72.38185708 72.00043332 71.80335226 71.86243308 71.99729046
 72.39492159 72.14532162 72.21003103 72.72414965 72.03109359 72.21108445
 71.10628549 70.99046582 71.41525851 71.44792156 70.49196366 69.59802989
 68.03794961 75.52740644 75.42841571 73.35341977 73.11958503 73.03949618
 72.52785935 71.6686651  71.25850137 71.29838753 71.23155407 70.9605643
 70.93868459 70.17704053 69.60025747 69.88421077 68.39388448 68.05149656
 70.00645673 70.1887761  69.8531208  69.66345464 69.80642795 69.3209816
 69.35137962 69.43768206 69.51388074 69.3483771  69.44529171 69.35281533
 69.49216548 69.66711698 69.0298126  69.72903329 69.37686187 69.07226795
 70.75488162 70.24320012 72.89544712 70.5549324  73.56304499 73.56388067
 76.87073906 74.30774964 72.20084631 73.56389931 73.71311966 73.08328633
 73.32266683 73.93180111 73.80559832 73.98086537 73.94621306 74.35453501
 74.36410827 73.72782018 73.61768514 73.28419963 73.57613796 72.54138231
 71.55224646 72.6937708  72.0129048  71.60035518 72.02846766 71.86831627
 71.94753832 70.8219692  71.09120598 71.15973865 70.90480756 70.58520907
 70.76079971 70.74009676 70.20585937 70.6505804  70.48347038 70.25867913
 70.24215011 69.88222167 70.0050143  69.79692837 70.03217627 69.81284715
 69.95122454 69.99892839 69.96304752 69.70848682 69.74874822 69.90305585
 69.72578315 69.5923977  69.67782041 69.58801026 69.69347251 69.68580823
 71.05921356 70.7190528  70.68121847 71.30726039 70.87081484 70.14615987
 70.51629527 70.5475749  70.57335241 70.14619633 69.96920553 70.13974706
 70.13346704 69.99896987 70.01370711 69.39955043 69.33936913 69.65101485
 69.7213063  69.32957447 69.58533535 69.54665044 69.50259661 70.06972692
 70.25926619 70.1862462  70.04799482 74.7864437  75.5915115  72.17017167
 71.65862529 69.05354552 66.94293217 68.13535091 70.74014547 71.80731163
 74.10568562 73.66266223 72.78799461 72.63450069 71.75650942 72.69351971
 72.61907338 72.65573723 73.42079707 74.25020458 71.70358139 74.5395548
 74.53631043 73.73099036 74.67748544 75.72095166 74.87776943 71.20272618
 71.41342635 70.81742656 69.97036134 70.3653703  70.67435647 70.74203213
 70.50998283 70.99396994 70.33420776 70.14336445 70.3662257  70.23848164
 69.04636704 69.93110353 70.19087577 70.36274015 69.93034813 69.56316976
 70.59571777 69.69604677 69.94880128 68.95672137 68.89748807 68.74802908
 68.5050699  69.36145573 68.88819117 68.75992049 68.9436785  69.0817747
 68.64740404 68.4126258  68.16142119 68.79717632 68.7475709  67.91149065
 68.81603663 68.7470186  68.61653245 68.52159698 68.63305428 67.92646072
 68.76822858 69.3661821  68.47465044 68.62221772 68.82974719 68.78256048
 69.0948631  69.40992069 67.33711021 66.70056224 67.00630002 66.71818843
 66.30493308 66.42701998 66.57883816 66.76998889 66.50305803 66.58559813
 66.79232901 66.54783229 66.57721557 66.82349821 66.36062309 66.21730294
 66.50452563 66.46764541 65.85446384 66.42417127 67.10342286 66.34129153
 66.95493893 67.16349649 68.13965649 67.38066541 66.71980001 66.37312538
 66.92024206 66.72301345 66.93940426 66.36136008 66.69245934 66.77216258
 66.30768919 66.75777333 66.71226531 66.67620892 66.41602819 66.44076167
 66.60778892 66.29778045 66.51397443 66.79590964 66.84633491 66.55425834
 66.87279578 67.00147358 67.01384244 66.72059048 66.79111209 66.81926154
 66.21269386 66.2442801  66.09519736 66.22067752 65.99692353 65.81249801
 66.00053763 66.24145915 65.8288046  65.81675708 66.10647711 65.61735973
 65.63079252 65.73585635 65.56855221 65.69891712 65.78152624 66.08290073
 66.07124934 66.03259364 66.05417714 66.09422706 66.15933314 66.07288955
 66.11505207 66.54604547 66.27846741 66.40668427 66.45371659 66.43615812
 66.49881156 66.32315951 66.20484315 66.23538506 65.97673883 66.07318748
 66.01738866 66.41568117 66.24580636 66.23935705 65.85784615 65.75764105
 65.93269142 65.93167167 66.65244818 66.89639561 66.25609702 65.88905267
 66.14027    66.9187718  66.29351335 65.91529478 66.28552904 66.4200281
 66.17402588 66.85783307 67.36342558 67.77185911 67.2140301  68.06354609
 68.06158193 68.06056087 68.06028355 68.0594874  68.06150338 68.05408146
 68.05460619 68.0569792  68.0565257  68.0557239  68.05312782 65.6237351
 63.82460673 65.67901477 67.32173904 65.59897267 65.03032814 63.88695481
 64.20819148 64.18126621 64.08703782 63.64271452 64.57235693 64.29229947
 63.91372182 63.7684963  64.50220165 63.61417965 63.78062228 64.88623603
 64.06283611 63.99130217 64.35158597 64.45160735 64.2941915  64.38606716
 65.28667749 67.16169494 67.6839625  70.87990454 70.09125095 72.89659466
 71.57401143 73.0612328  75.08857932 76.19349549 77.7808179  76.70880902
 75.99714167 76.17530068 76.10301721 76.11732135 74.52168145 75.22909868
 74.64054434 75.03346676 75.15618747 75.48218511 74.60886784 74.74654558
 74.47805568 73.60461601 72.9136042  73.41836957 73.99769101 73.77086225
 73.08504276 73.41396163 74.32729361 73.97467625 74.39643879 74.41729022
 74.42268589 73.63295516 73.29518375 73.30684589 73.55748787 73.66650326
 73.29869613 73.3728371  72.78058915 71.57292093 71.44733369 69.19228179
 68.03079563 67.99954931 66.62871511 67.88546315 66.4199524  66.2417609
 65.78999621 66.45329174 66.14357055 66.02762508 65.62723681 65.936719
 65.0656185  65.01455384 65.47148664 65.97943107 65.3500145  65.06736437
 65.02517797 64.66645549 64.51021903 64.7576769  63.89986588 62.85654912
 62.43176272 60.60833669 61.95506202 62.13201597 61.22411596 61.5811786
 61.72446851 61.93856494 60.98197378 61.5270912  61.35392764 61.42819658
 66.92794302 66.98663367 66.89479821 66.98403191 67.24298509 67.28846251
 66.93447322 66.92574504 66.86710544 66.81216984 66.92179059 67.02606476
 71.75339378 71.5231474  71.02517002 71.20392757 71.03621373 70.93389915
 70.7922615  71.63090308 71.17315959 70.79285626 71.38279991 70.91066206
 70.99382913 70.71492412 71.62370731 71.68936068 71.52028839 71.63987782
 71.50804202 71.38218452 71.49377543 71.46737881 71.31083983 71.3907449
 71.32549811 71.31996064 71.35275313 71.47239656 71.30371817 71.50987876
 71.34056883 71.40027108 71.29858243 71.40726404 71.41829335 71.34013762
 71.37069426 71.36542281 71.42898274 71.84349955 71.38934537 71.40656219
 71.37966915 71.2216602  71.20519455 71.48741242 71.22532743 71.41115329
 71.48714099 71.40705403 71.2591157  71.40133394 71.52731084 71.5205871
 71.41069555 71.22100692 71.19729339 71.21776274 71.52645037 71.37860717
 71.30496393 71.59714177 71.47250401 71.32069693 71.35145084 71.51019796
 71.46500988 71.18924729 71.08625369 71.19047783 71.26028466 71.41629873
 71.35687858 71.10598709 71.09531642 71.2327094  71.07369521 71.13496201
 71.20058373 71.1393892  71.19746703 71.26570963 71.18004407 71.30581456
 71.14725888 71.15782143 71.07802545 71.12141522 71.07831425 71.02822893
 71.04143847 71.21469563 71.04719261 71.06981871 71.23414249 71.17864909
 70.99571559 71.1565723  71.00200772 71.10892256 71.10940179 70.87461699
 70.94846967 70.92680873 71.05802614 70.80471895 70.90925358 70.79997992
 70.5368954  70.936866   70.80509856 70.64762641 70.58665542 70.50853676
 70.67011094 70.7576492  70.84009419 70.66974096 70.71473503 70.80206317
 70.83015374 70.81813757 70.68552641 70.70166132 70.71382688 70.72275175
 70.6636812  70.68436167 70.68924456 70.59725376 71.03369312 70.6624504
 70.57481631 70.4049055  70.42530571 70.61685375 70.68304005 70.87274376
 70.71251417 70.44564169 70.75105484 70.57630916 70.58632425 70.70365531
 70.6914341  70.65670828 70.56695587 70.40514809 70.52795718 70.60723923
 70.88096491 70.68300141 70.5615347  70.50460955 70.62084581 70.58070535
 70.71266103 70.79075835 70.61313636 70.64113688 70.62267619 70.61488398
 70.44935746 70.35286643 70.43929735 70.35198116 70.23668528 70.24245026
 70.30448745 70.05865885 70.22313253 70.45612649 70.67662461 71.19906808
 71.59376624 71.03274279 71.05053249 71.08408726 71.58878657 71.6048637
 71.66117865 71.62916196 71.52476692 71.3267782  72.24600224 72.45445513
 72.74762513 73.17868095 73.52939091 73.31654545 73.30070873 73.41105826
 73.3844167  73.43676275 73.35968028 73.15884089 73.20435227 73.23533654
 73.40032168 73.26403442 73.14096687 73.04120889 73.14647968 73.43505291
 71.86167262 69.0065851  70.13184469 69.92125894 70.69678825 72.2005582
 73.64737476 73.39620912 72.9634512  72.81137356 73.12848935 73.32930929
 73.12217389 72.75148045 72.48342918 72.36113129 72.14987127 72.11111503
 72.35943931 72.42884292 72.43586494 72.56283257 72.44707774 72.68429778
 72.55676067 72.45363786 72.20726372 72.13573203 72.32064605 73.96065739
 74.66616864 74.62412198 73.9790595  73.23909593 72.35794572 72.25086684
 72.26803829 72.40842737 72.28035904 72.39852416 72.3781857  72.71677412
 72.99374053 73.2814988  73.35215305 73.55252734 73.48747249 73.51005505
 73.23405575 72.94223888 72.77431273 72.53463719 72.37071268 72.33567134
 72.39965976 72.19349698 72.1828544  72.19228897 72.37982453 72.53237829
 72.41159876 72.53662418 72.49040818 72.40962978 72.37846581 72.21184168
 72.28517904 72.19452875 72.54818375 72.44921424 72.3745929  72.54490539
 72.64993484 72.45578627 72.50602913 72.52228174 72.44852681 72.43344127
 72.44943861 72.55427683 72.49601554 72.74727281 72.71901293 72.47128195
 72.2722738  72.31911211 72.28154129 72.26942733 72.37323485 72.47297256
 72.47105619 72.25865395 72.45517386 72.58727683 72.61283981 72.38329181
 72.6257112  72.5712946  71.21869969 69.32081725 68.77822215 68.35292026
 69.93472037 69.79368082 69.28229458 68.78482701 68.73894696 68.76773001
 68.76491408 68.87664267 68.72579989 68.72730374 68.84182855 69.60411536
 69.87442405 71.24219555 71.51349527 71.98798847 71.84659714 72.49210216
 72.8284799  71.49862381 68.59296594 69.18405336 69.46529788 70.39723885
 68.65380385 67.69340908 68.6878403  68.72707478 68.52595599 68.28433544
 68.2770281  68.42581154 68.56505891 68.3494171  68.34474489 68.14878243
 68.19468094 68.02548063 68.36642806 68.23314396 68.05392139 67.99558657
 67.94671705 67.8999972  67.96754292 68.05024639 68.2490561  67.92916353
 68.20978309 68.55475821 68.37897042 68.46436188 68.55234221 68.36711363
 68.50857452 68.91548708 68.87669565 68.75090677 68.49946762 68.92149112
 68.64940033 70.47100885 74.71089271 71.59608489 71.90746006 71.68924473
 71.06477317 69.76028591 69.00366072 63.65357009 63.19151005 61.69575458
 61.4892779  61.55403397 62.56887417 62.84704804 63.11266847 63.18844235
 63.69034858 63.12414292 63.37695295 64.05094265 63.67067554 63.48979325
 63.93503114 63.58950139 63.62206041 62.88401864 63.10652312 63.04134974
 63.39599876 62.64232071 63.62405467 63.07659232 63.02105607 62.9178173
 64.12384502 63.68381833 64.07044076 65.25526168 63.82218861 65.90350235
 64.90662807 66.04183566 65.84062651 63.95383019 63.85636997 64.68288032
 63.062492   62.84385604 62.32962523 62.81928823 62.80206372 61.22338922
 63.96270486 62.13762916 61.3116189  61.24916515 61.17927694 61.1836386
 60.90419753 61.13325604 60.78074451 60.37642634 89.03535966 85.33547202
 84.65155319 84.92273887 84.53216191 84.33010018 84.03146357 83.73794465
 83.81014015 83.6910948  82.20170222 80.59975987 79.10572731 76.70077675
 74.25596798 70.09094609 70.8348111  63.03908368 62.81373787 62.19850874
 62.30668476 62.63888766 62.28532908 62.63925037 62.38934469 62.09581259
 67.07129883 67.03644561 66.63798772 66.56432483 66.40949807 66.46656825
 66.1579132  65.66961107 67.38707473 67.12402913 67.6210993  67.18374468
 66.36767395 67.38658193 67.81801493 67.54184776 67.26640982 67.44487252
 67.75217105 66.68351113 67.34898461 66.69398621 65.97787603 65.97069926
 67.87240757 67.76459037 66.90057225 67.43983722 68.5949666  66.29425611
 68.26355532 67.695472   67.03712514 66.75740706 67.53037955 67.67341324
 67.12918951 67.71065366 68.24986457 67.37818626 66.9291334  66.41954795
 67.79759301 67.19315555 67.43139342 66.53072062 67.74380771 68.09703643
 68.35627639 67.65515818 67.08810378 66.68727785 67.31037429 66.70166674
 66.78004787 67.8274209  66.86023832 67.94564933 69.07882096 67.41628595
 67.39078421 67.86218825 67.58475514 67.80250317 67.45525854 67.29217289
 67.39307501 67.05192192 66.74946214 66.44662142 66.26622022 65.20423356
 65.92705682 65.80413187 65.28937359 65.22220518 64.73531862 65.55519452
 65.40511856 65.67738218 65.14873089 65.23235918 65.02399228 65.13503742
 64.96441593 63.66383784 65.44071051 64.70491459 64.98490146 64.19308691
 64.33621317 64.97666436 65.1800416  65.85174969 65.46924882 65.46074244
 65.73606641 65.88531465 64.85486399 65.7108581  65.57635065 66.31168184
 65.31504002 65.24219302 65.65117317 64.49561395 65.0425338  64.91452023
 64.19163852 64.88694641 64.45398546 65.1155121  64.78122227 65.0659989
 64.5114535  64.94806249 65.01018921 65.25749038 64.59726728 65.17698692
 64.07315608 63.70481733 63.24005655 64.26555034 64.75964432 64.27674142
 65.27637071 64.84374598 65.31313012 64.3823755  65.04897864 64.34358235
 64.81607926 65.19465642 64.09522831 65.33643531 65.60627796 64.3771281
 65.06224904 65.5306927  64.9705013  65.24021833 65.1150582  64.74953842
 64.21239918 63.67278459 64.38444093 63.20292683 63.84967418 63.92942901
 63.36416355 63.27835965 63.4159499  64.18218673 64.10546311 64.56207105
 64.02400111 62.89546343 63.83860305 62.83016943 63.28805236 63.39734091
 63.65876253 63.90152505 62.9584693  63.98221929 63.5846108  64.84959766
 64.17127989 63.42860617 63.83483382 64.12559381 66.16217031 69.06294987
 67.19347484 66.53533381 66.31743624 66.27745226 73.93761434 73.71557459
 67.83025208 62.99893367 62.00630175 62.20185207 62.19617061 62.36284994
 61.7857647  60.67027314 61.26515864 61.60000531 61.00091756 60.80564923
 61.40166544 61.39407176 60.14765746 61.65996759 62.26353217 61.09306882
 60.57601838 60.77397432 60.4765699  61.01195153 61.29034167 60.14862397
 62.32931484 62.13150324 63.35421478 63.67691735 63.94593409 62.51239707
 62.34760222 62.66875547 63.44833008 63.09758605 62.66290783 62.17192926
 62.26545199 62.73464129 62.02359938 62.52375546 61.92718509 61.95452645
 62.70266733 63.17638224 62.63825552 63.15621317 62.74245434 62.88105813
 62.16547255 63.04150833 64.10994155 63.64008435 63.28957893 62.82221335
 62.46438686 62.85212868 62.83321629 62.82118089 63.26941627 60.9406757
 61.12029715 61.74039855 61.3710831  61.00796019 61.01242705 61.81258821
 60.79162346 60.87799081 60.67147665 60.53340605 60.25260892 60.6649263
 60.5682125  59.72669342 60.02872781 60.56811378 66.15779629 59.99234499
 59.49483946 60.22467808 60.01213909 66.09036066 59.67281593 59.70023934
 66.07092153 59.80661545 60.09946314 66.52351068 66.33851642 60.23040255
 60.5833305  59.20971098 66.14066734 59.23969489 59.77682713 59.44247442
 66.24357077 65.95832478 65.9472056  65.87738524 65.89223992 65.90725512
 59.54082247 59.30757959 66.23038443 58.03236475 58.99174027 59.46084117
 59.1027353  59.52001423 66.18770872 59.0190678  65.84212975 59.04960447
 66.04823615 60.06024479 66.14254988 60.17669331 60.26656589 59.50540871
 58.87088712 58.90572639 59.23174419 58.92274797 59.94382967 59.6755619
 60.1087161  59.64459288 59.71065689 66.29497605 58.97303541 60.61744147
 60.02725267 60.50194603 60.10305487 60.95175629 58.95435364 66.23205616
 66.04585977 66.04425446 60.87347997 60.4795347  61.15840479 61.39908185
 61.3145275  66.64020256 60.85562233 60.49879821 60.96983039 61.32538376
 60.73728064 60.49771526 66.42595162 61.13866731 61.69306755 66.86666428
 67.05219637 66.87294624 67.36512303 66.67872435 61.46162683 60.8744237
 60.6693899  60.49762308 61.01598492 60.18363236 66.40118606 60.56801317
 60.17011615 60.50338815 60.34433472 66.83473297 66.32858164 59.94310446
 66.52686682 66.50713997 60.52126306 60.73199668 66.77864235 66.61868744
 66.69555053 66.69141498 59.8795767  60.49289468 61.2747162  66.49706049
 66.69327721 66.51406985 66.70137884 66.32820797 66.26363896 60.36103352
 66.44420482 66.21883267 59.73229796 61.02773205 66.61790214 60.68705028
 60.71106231 61.4833552  61.64955194 66.60112555 66.6796141  66.58657184
 60.46690399 66.56353508 60.51824814 66.39720718 66.4224969  66.50034421
 66.55037688 66.59852872 66.15604079 67.16944028 67.30098307 62.92958922
 67.61979991 67.78420041 66.87545125 66.75410475 61.64534735 66.3240481
 62.47433165 66.50741584 66.61278258 66.49662228 66.4634976  66.3794065
 66.43206437 66.64957361 66.27688613 66.27042085 66.26176029 66.57395654
 66.7144645  66.85862899 66.72103499 66.67514439 66.56069171 66.4992475
 60.2999535  66.43828345 66.42475552 66.61851855 66.75326753 66.63530007
 66.58883207 66.55652633 66.47310103 66.40657384 62.40190209 66.67570926
 66.80786688 66.761053   66.72346104 66.82615807 66.80433144 66.86368323
 66.76246655 66.77801231 66.62235805 66.89736319 66.72298636 66.77347743
 66.44179229 66.41554891 66.52933089 66.47714269 66.89064487 66.95743422
 86.85145286 85.53868379 79.44508094 72.81744229 73.07028515 72.73688483
 65.32319815 65.24865346 64.44444988 63.54726099 64.59447124 68.08732241
 68.08031795 58.81359574 61.89982644 61.47185547 62.56131074 62.84127809
 62.6538669  63.75964434 62.24169373 63.32284718 66.09281119 66.56476908
 65.94465336 64.01507411 63.56728991 63.78635652 63.67954726 63.29939503
 63.32460228 63.42049803 63.32636629 64.47703719 64.55214084 64.78541556
 64.64911464 64.89519342 65.24782595 64.88378169 64.32892963 64.01259613
 64.41917321 63.89968566 62.78805482 62.64855884 62.3181379  62.07571101
 62.70370419 62.80187226 61.77907124 61.49997407 62.63543858 62.42676478
 63.07682528 62.00735389 62.76097046 62.73469776 64.24181879 63.13143063
 63.18800024 63.44781118 63.48667548 63.75830894 64.13381126 64.3601799
 64.56459966 63.77761972 64.14529421 64.39337585 64.46673618 63.4213107
 63.6497947  64.18239942 64.66839444 64.51022455 64.29269455 64.63508118
 62.97328243 64.27950455 63.62308746 63.69163768 64.05706015 63.72443054
 64.13380274 64.26573198 64.71059068 64.66235748 64.63279328 64.71026461
 64.17530286 64.90318447 64.96800563 63.87017295 64.35828751 63.5678372
 64.39315093 64.82915278 64.24426226 65.00029993 64.54808986 64.19687577
 64.24513464 65.04472118 64.57545989 63.93811784 63.72186206 64.0771601
 64.58038986 64.62870426 64.08076305 63.75385014 63.10436114 62.60669354
 62.44302315 62.66770995 62.48269535 62.61710348 63.52480338 63.22641219
 62.84395989 63.37622095 62.9915722  63.97825615 64.57006625 64.9851755
 64.97227763 66.72897743 67.14174236 67.63336952 66.66220613 67.01703517
 67.34248259 66.85311254 66.82253821 66.34668798 66.74911158 66.0891556
 66.10240295 66.69235602 66.70395014 66.61619616 66.57395809 66.63532904
 65.8828423  66.49570716 66.28813629 66.42290917 66.66932169 66.46903686
 66.62275962 66.73552166 66.97511246 66.86403022 67.04642867 66.76086121
 66.91297854 67.15479567 66.60700052 67.02163912 66.46565754 66.66969033
 66.97838453 66.35046773 66.24062422 66.29312997 66.2918996  66.20292032
 65.63776423 65.19820265 65.21818272 66.03677685 66.35523555 67.1555071
 66.34749636 65.83607145 65.61169623 65.68182794 65.78952543 65.22346426
 65.99780926 66.16599717 66.27737882 67.59899823 66.99754571 66.67143813
 66.8662862  66.90198282 66.19618036 66.23442339 66.07194398 66.4737642
 66.1740495  66.73772561 66.39283984 67.10183487 67.88575974 67.13979239
 67.6900484  67.97706893 66.53908961 66.61468723 66.97243747 66.03730431
 64.93055091 62.95511588 64.10031196 64.48270837 63.46630649 63.44487061
 63.4868985  64.36987798 64.46680071 64.69928294 64.31677478 64.41778553
 64.74968689 64.59173646 64.80343338 63.82144337 64.19100621 65.74339765
 66.3478111  65.60261106 66.03914733 65.63748709 65.44604605 65.93773415
 65.63376377 65.41039702 65.09896298 65.15906644 65.26403417 64.70884619
 63.24286695 63.93271222 63.04091368 62.79752291 63.19801522 63.09391502
 63.74247976 63.25510652 62.4668473  62.81467343 62.82905519 63.35738275
 63.30101044 64.73834132 64.63695268 64.48154785 64.47876472 65.12388401
 66.58758857 66.30419773 66.17425277 66.82102797 66.64487893 66.40744368
 65.68561628 65.15198448 65.52064435 66.05889027 66.31737982 66.35623789
 65.19031076 65.60176677 65.68752376 64.44905501 65.22202181 64.2568795
 63.81822807 64.37206969 63.60266455 63.31637828 63.29373829 63.91178698
 63.60553692 63.17096359 62.85957029 62.89254375 63.38545882 63.29336179
 63.58198922 63.39253669 63.95541429 64.27360932 63.67647362 64.02290432
 64.70770024 64.7913404  64.48784501 63.97814984 65.17942398 64.99302419
 64.71723358 64.73807691 65.22888967 64.85325354 64.77065788 64.52761891
 64.57609395 64.80832446 64.60271203 64.00413137 64.47590217 64.75116225
 65.59510529 65.36089989 66.19039511 65.94631569 65.68276952 65.62174351
 65.74906408 65.96520261 66.05014691 66.0297436  65.70961752 66.22214976
 65.63484744 66.16128588 65.44906121 65.48526771 65.84534768 65.61965903
 65.52271264 65.56915796 65.97749427 65.85137529 64.76760161 69.53453255
 69.68664824 66.37311011 67.47155695 67.7247066  67.75303908 67.71573652
 68.2162333  68.06533155 68.22571669 67.9964088  67.81592806 68.2427273
 68.32137997 68.32693664 67.32291961 66.23216013 68.26962949 68.70792972
 68.6912279  68.15699388 68.36402485 68.58246194 68.78744292 67.04138352
 68.18736786 68.33133739 68.07429819 67.28721185 67.23729217 67.24699353
 67.47049525 67.5142742  67.91515667 67.777318   68.23014157 68.98406396
 68.61620271 67.96006671 69.29731434 69.04224639 69.07845872 68.13618431
 67.12146381 67.0903617  66.7297218  65.35407948 65.70368264 65.40877234
 65.28197406 64.76124072 65.43524776 66.30596775 66.37705579 66.54602614
 66.26216362 67.07002785 68.77503719 69.84810333 69.22376609 69.37688855
 69.39354998 69.180003   69.25667168 69.37608481 69.03946873 68.92209203
 68.19008442 67.9581717  68.33821762 67.96705219 67.16306377 67.8440092
 67.93711722 67.82130517 66.8846303  66.50764567 66.82105392 66.89627044
 66.62900126 67.45529788 67.21238401 67.22208385 67.97425077 67.61284366
 67.02966743 66.81609621 66.99328384 67.00861871 66.81378922 66.55596881
 67.05013806 67.27591828 67.05063891 67.92265966 67.73241685 68.08219524
 68.42751823 66.76654146 67.55845227 66.46203296 67.11398621 67.85178497
 67.05833413 67.62349297 67.19333632 67.73081051 67.05856267 67.40584341
 66.99954512 68.0573089  68.52607823 68.02148574 67.94933642 67.4183572
 67.80717355 66.70969339 67.70195877 68.12371148 67.92471061 68.10529717
 68.00914089 67.86434889 68.42597012 68.31945484 68.66196101 68.43624083
 67.97493997 67.22992898 67.64199638 67.65272539 68.71334691 68.29191143
 68.70930248 68.37931787 67.23142562 66.68717743 66.06034395 66.22047991
 65.89770357 65.10606552 64.83623778 64.44494272 64.71435575 65.16541948
 65.61432816 65.31479562 65.10687681 65.46585532 65.53573693 64.53983793
 66.40666997 66.60160575 66.14124846 66.09065276 65.90225369 65.96545172
 65.74195751 65.94965681 66.10566534 66.10837633 65.84504054 65.67242804
 65.40708752 65.9453067  65.17805649 64.33400446 63.54363654 63.13974709
 64.10195911 63.72132572 63.72376715 65.38458884 65.89383874 65.71294864
 65.96458614 66.0976395  65.9979474  66.57433337 66.13417096 66.26922745
 65.60421434 65.06422208 65.12717748 65.46038282 65.02489644 64.70166109
 66.35785172 64.08303662 64.00176437 63.05491635 63.44270425 62.55919067
 63.00032982 62.63828124 60.35835927 60.01060022 59.74398289 60.23763335
 57.20745334 58.35295679 58.76823085 57.55409739 57.11622469 57.88541837
 57.10880383 57.26996744 57.67491323 58.62034212 58.25802463 57.0103713
 58.15625005 57.80431279 56.06519411 57.00993968 56.78879629 58.39636764
 58.21591261 56.67851084 56.40784199 57.34901428 58.15619997 57.5006721
 59.34770249 58.35734087 57.98795697 57.01392529 56.814081   59.54541245
 59.99696379 59.95156876 59.32383673 58.69359779 57.43659651 56.74383328
 56.14444633 54.9119272  54.77314345 56.63975871 56.25995158 56.27758395
 54.93770419]