[3196.636624   3078.29095678 3208.76509423 3133.78224506 2882.00507788
 2505.92910217 2423.13837748 3386.29476565 3109.79107279 3264.77070304
 3218.71688313 3363.4289371  2963.93139371 2885.19423436 2453.97446924
 3120.24611794 3285.81287121 3202.32959735 2698.14259992 3296.97106297
 2902.44260982 3060.34541764 3226.88099795 3273.14144128 2980.75469656
 3163.69541642 3435.35272826 2363.18448713 3182.08529868 3257.80402691
 3613.23845682 2889.13349045 3087.04031878 3823.14521758 3429.8532259
 3085.08183896 3360.40449446 2816.29925086 3115.64935493 2897.73233731
 2647.06980132 3447.54522094 3063.93744446 3343.97593416 3441.40258806
 3085.22664188 2527.38263103 2818.76353294 2882.91309529 2359.22878022
 3131.05412978 3554.65907735 3097.40673505 2473.76612509 2923.76440007
 3121.73346213 2612.75809836 3276.93321554 3419.01408365 3142.02597322
 3118.29794841 3614.08602528 2966.32727146 3112.6651358  3716.29958844
 3337.2693814  3220.95974447 3153.23087514 2965.16643177 3263.44471587
 2558.53875645 2931.30845415 3337.09762198 3079.33258656 2886.01095606
 2728.9200151  3174.18972738 2881.64665242 3425.31041199 3056.82886369
 3505.52473531 3027.78216972 2872.83107957 2740.44479174 3129.68670378
 3608.16539066 3096.70297317 2815.79681801 3586.73331733 2820.59953735
 3187.65508676 2365.16930488 2805.6294127  2905.88570593 2818.64479078
 3313.93938868 3079.10817338 3041.13485774 3000.52957509 3028.74845948
 3067.23683347 3261.82378712 2778.53968883 3543.45771208 3220.39684456
 2910.29940158 3043.85028631 3605.06467465 3001.90920009 3222.56394695
 2917.13183086 2972.08992464 2864.44140023 2905.75049749 2332.17357351]