[49.80839109 48.31626423 47.7240841  48.79779241 49.32478612 49.5632713
 51.43151285 48.26818754 52.82940486 53.69245789 48.88093308 53.16619692
 52.98108912 48.24416495 46.6059743  51.14407191 59.02349186 47.81136857
 49.24498097 46.21095806 49.76510706 47.70049171 43.7729782  49.81414554
 46.09856706 49.77250418 50.37676037 44.71325996 46.99521295 50.40544676
 49.91020982 47.3477196  47.39899864 49.97092624 50.98829958 47.66799938
 49.37139829 49.96258446 45.26677239 46.10850057 46.12909505 48.73852269
 48.91667255 47.21477971 46.92888215 52.19688962 48.07887259 45.14953753
 46.84207372 43.07631747 47.15134273 49.57506569 46.57427347 47.91314251
 46.76807307 47.93700816 46.38314315 47.84570432 50.00650078 49.09051146
 46.77692973 48.40917942 47.67432276 46.67395326 47.51321552 47.74744518
 50.87301452 52.44744729 52.92507224 51.3120265  49.81775473 48.94365935
 46.6672423  45.1339575  48.6800628  46.70715558 47.79555325 46.4123463
 50.41905026 48.62462409 49.04522966 48.24813168 46.1081956  47.92228293
 46.59810885 48.57636288 46.42975326 45.55524663 51.15996253 46.35370928
 53.40042023 49.1875263  54.41094132 45.00644901 45.4349104  52.31263345
 58.41621453 48.65963927 48.55677168 50.72304341 49.7205581  52.16836407
 53.35735457 45.34564325 48.78587068 47.0238655  41.12525538 49.96776746
 49.15761131 47.679784   46.36697016 45.64245183]