[3212.38416364 3093.33184698 3214.18573049 3125.5226766  2853.11767343
 2498.42606851 2422.59608019 3366.20354236 3118.16554108 3305.65619443
 3233.06516033 3414.07947426 2966.74178889 2850.16453993 2459.02906312
 3182.56367112 3277.79814446 3205.89536227 2717.75071486 3248.76042995
 2893.99001003 3099.40494866 3214.0356291  3275.61341988 2975.96251936
 3145.77500223 3517.26630045 2352.61763727 3202.93102385 3302.1522311
 3667.18190174 2851.9418024  3096.38904709 3915.50370989 3457.21163952
 3029.10941065 3376.49889397 2772.06178599 3137.96477029 2882.1237254
 2634.83561769 3492.50614439 3061.13772843 3395.37196751 3481.08678595
 3057.67147869 2510.8347434  2811.06985072 2859.87790734 2354.52773412
 3141.98508794 3480.88974407 3093.1461915  2462.44764228 2914.25086753
 3108.43057691 2611.11025938 3286.43555502 3416.02984716 3113.10660867
 3141.02093967 3698.97279151 2950.82266654 3083.75078952 3581.48436532
 3266.20589638 3208.85324162 3150.99093983 2970.47161829 3302.00333144
 2537.44096165 2894.99052418 3367.55236541 3047.34309774 2878.9470745
 2735.58050848 3185.28778027 2866.58744797 3399.47207403 3061.21643305
 3456.00171761 3033.60650158 2916.57570522 2739.16240397 3119.92706203
 3689.42861116 3088.96232834 2794.11178744 3676.07211514 2819.16528762
 3217.44541095 2352.50237221 2801.1403045  2900.90619139 2871.35557306
 3341.06451051 3081.61427426 3044.07602863 3023.44854501 3033.02058047
 3071.03770791 3332.77000186 2752.69566675 3387.28445285 3225.83696776
 2888.74075308 3010.12647662 3538.33756165 2981.98139836 3232.354709
 2914.15857687 2962.40438175 2847.39005733 2865.22683104 2301.40694324]